855
787
469
722
158
209
122
792
896
659
324
318
980
766
345
93
368
998
662
898
652
532
961
924
374
749
139
43
298
186
645
112
881
35
323
376
200
762
306
540
727
218
85
933
220
485
292
610
155
734
458
316
508
798
286
62
537
796
246
275
512
445
535
783
539
890
695
95
920
187
439
725
716
778
546
419
583
442
390
932
557
36
402
258
829
247
871
577
781
120
513
635
666
333
463
609
648
788
441
885
344
793
832
401
250
615
669
491
651
474
747
403
877
358
8
375
619
398
268
676
145
620
760
137
893
691
382
685
311
693
132
7
142
897
794
717
113
595
773
245
803
100
41
867
529
326
90
616
181
164