 60
 14
 82
 -74
 90
 17
 -94
 47
 60
 15
 6
 -97
 55
 10
 72
 82
 75
 -86
 67
 -95
 33
 26
 19
 80
 60
 86
 42
 15
 11
 -25
 66
 40
 84
 89
 87
 47
 36
 55
 12
 23
 19
 27
 21
 58
 7
 95
 23
 95
 40
 36
 29
 46
 71
 96
 -24
 66
 -16
 97
 48
 75
 15
 29
 87
 -41
 0
 -80
 -63
 22
 62
 27
 -33
 -59
 -31
 -90
 1
 25
 61
 28
 23
 38
 20
 9
 28
 20
 -86
 20
 -47
 19
 48
 42
 37
 88
 21
 82
 25
 10
 58
 56
 46
 98
 67
 31
 97
 27
 -49
 27
 90
 51
 23
 67
 14
 -43
 -73
 87
 12
 25
 88
 9
 41
 27
 21
 60
 65
 19
 48
 -50
 38
 -91
 26
 11
 99
 92
 77
 90
 66
 28
 51
 -92
 52
 10
 25
 88
 70
 66
 -83
 76
 53
 -96
 16
 99
 -82
 1
 -27
 -13
 -10
 59
 38
 24
 9
 49
 4
 67
 3
 -52
 39
 -50
 29
 85
 40
 -57
 81
 8
 21
 95
 83
 -85
 -59
 8
 51
 89
 -32
 -48
 -71
 78
 81
 -92
 -78
 21
 61
 21
 45
 81
 13
 66
 75
 48
 31
 85
 0
 46
 -44
 25
 95
 -71
 95
 16
 75
 6
 -36
 41
 28
 -89
 24
 43
 35
 18
 23
 5
 98
 -46
 -10
 83
 79
 0
 -99
 78
 45
 78
 -52
 92
 20
 87
 15
 21
 -33
 50
 50
 8
 90
 -62
 -74
 56
 34
 3
 4
 93
 -26
 9
 19
 96
 23
 99
 -5
 74
 68
 -54
 34
 97
 79
 62
 26
 94
 51
 6
 -33
 96
 66
 23
 19
 47
 99
 5
 -55
 60
 40
 -67
 10
 32
 19
 63
 59
 -24
 35
 69
 89
 87
 96
 7
 14
 43
 58
 45
 3
 36
 83
 28
 100
 25
 84
 -93
 59
 38
 98
 -17
 91
 -85
 47
 37
 3
 22
 17
 -15
 59
 80
 38
 70
 29
 37
 70
 -54
 64
 61
 97
 99
 -60
 -95
 28
 1
 43
 10
 -3
 87
 -49
 -9
 4
 -3
 14
 88
 76
 99
 -73
 48
 45
 28
 60
 76
 61
 43
 21
 68
 22
 12
 -26
 19
 28
 19
 95
 -65
 27
 1
 17
 76
 68
 -56
 -97
 15
 67
 95
 85
 51
 76
 -58
 29
 -18
 56
 -89
 26
 49
 58
 53
 83
 43
 11
 24
 76
 13
 15
 27
 32
 70
 43
 25
 100
 73
 43
 78
 33
 -34
 -54
 45
 -88
 81
 -21
 51
 10
 70
 -25
 8
 50
 -64
 -10
 -89
 57
 56
 19
 59
 8
 62
 43
 -69
 -23
 58
 66
 99
 93
 77
 22
 56
 -13
 70
 61
 35
 30
 9
 -9
 -35
 -80
 62
 55
 23
 45
 -7
 21
 -65
 13
 -22
 55
 7
 46
 10
 23
 16
 42
 100
 9
 70
 -24
 89
 22
 16
 -19
 51
 -7
 72
 48
 -94
 64
 94
 23
 79
 72
 95
 52
 95
 20
 22
 46
 82
 50
 89
 34
 -26
 90
 64
 89
 95
 11
 14
 49
 -35
 86
 11
 58
 31
 -40
 -84
 0
 15
 33
 35
 -55
 32
 25
 10
 -38
 62
 63
 -24
 73
 3
 62
 46
 47
 6
 4
 32
 89
 65
 37
 29
 44
 65
 78
 -18
 59
 91
 27
 -27
 72
 83
 91
 -94
 -10
 56
 95
 81
 93
 -74
 28
 -62
 37
 77
 75
 -46
 -79
 68
 53
 -70
 91
 57
 75
 40
 11
 55
 93
 40
 79
 -32
 67
 83
 71
 25
 33
 26
 -53
 9
 80
 44
 31
 17
 21
 50
 -7
 18
 95
 -83
 -53
 57
 47
 45
 71
 44
 38
 96
 81
 5
 45
 3
 100
 84
 76
 56
 32
 2
 87
 18
 71
 80
 6
 61
 94
 6
 71
 27
 79
 -69
 55
 74
 -16
 42
 -21
 55
 -29
 25
 -67
 70
 4
 43
 80
 61
 26
 0
 2
 76
 -14
 95
 98
 78
 75
 76
 28
 17
 47
 79
 32
 -59
 70
 -97
 14
 62
 39
 18
 -38
 -21
 -89
 20
 25
 62
 60
 17
 63
 89
 91
 62
 14
 99
 3
 9
 40
 37
 -3
 33
 20
 25
 82
 99
 85
 34
 22
 -91
 54
 -14
 20
 -3
 82
 89
 1
 79
 -1
 -96
 51
 -3
 86
 91
 -49
 69
 -8
 4
 6
 78
 12
 -55
 18
 10
 84
 22
 11
 53
 32
 69
 -5
 -69
 83
 25
 80
 45
 63
 29
 41
 73
 8
 20
 -5
 3
 66
 93
 82
 53
 4
 99
 59
 58
 38
 16
 -7
 -95
 -45
 69
 79
 -55
 -5
 1
 14
 73
 -32
 10
 65
 9
 -19
 -38
 7
 99
 88
 -11
 77
 43
 46
 48
 96
 -67
 48
 11
 20
 31
 65
 -28
 84
 95
 57
 53
 48
 44
 59
 -98
 67
 67
 61
 15
 48
 -93
 -9
 36
 27
 -81
 1
 66
 42
 72
 93
 33
 22
 90
 8
 -100
 -75
 4
 66
 25
 83
 46
 96
 85
 10
 82
 72
 47
 -6
 -44
 52
 6
 -25
 13
 -21
 71
 48
 66
 39
 9
 4
 67
 -98
 50
 -16
 -25
 82
 42
 30
 9
 40
 65
 69
 8
 -61
 -1
 81
 58
 48
 65
 -1
 -20
 -12
 77
 19
 17
 65
 12
 -45
 27
 14
 90
 -93
 27
 78
 27
 61
 2
 87
 44
 -23
 3
 11
 31
 28
 -67
 81
 65
 100
 -85
 18
 90
 -46
 36
 75
 44
 76
 73
 76
 56
 20
 61
 67
 83
 60
 80
 77
 16
 61
 -74
 71
 37
 -11
 69
 27
 -32
 74
 -32
 6
 62
 33
 0
 37
 87
 -59
 59
 98
 51
 67
 -75
 14
 23
 97
 91
 60
 86
 84
 75
 60
 94
 47
 20
 2
 76
 -80
 -11
 61
 2
 43
 38
 14
 3
 -73
 68
 -83
 46
 -84
 79
 62
 66
 90
 -41
 -67
 60
 -24
 64
 -83
 -24
 66
 -88
 20
 63
 77
 44
 78
 41
 37
 64
 -10
 100
 -99
 46
 5
 26
 -31
 77
 -62
 82
 88
 -13
 78
 82
 66
 -19
 45
 37
 79
 52
 50
 47
 -37
 -19
 -75
 51
 30
 75
 16
 37
 18
 84
 0
 6
 27
 40
 7
 92
 52
 38
 2
 34
 67
 3
 77
 16
 -41
 76
 84
 -52
 59
 55
 -99
 28
 48
 96
 66
 -9
 -14
 65
 65
 -96
 82
 -51
 79
 33
 41
 31
 -71
 88
 99
 92
 60
 68
 39
 15
 15
 12
 -89
 -6
 45
 -23
 91
 -93
 -95
 -66
 78
 68
 60
 16
 -60
 96
 92
 71
 12
 75
 18
 -11
 78
 53
 72
 24
 -62
 0
 13
 73
 47
 39
 79
 -38
 -5
 30
 12
 100
 24
 14
 26
 86
 29
 10
 49
 73
 22
 69
 -92
 44
 20
 86
 -17
 1
 0
 68
 11
 38
 58
 -52
 68
 64
 60
 94
 -73
 -86
 12
 -93
 -99
 49
 33
 93
 7
 -35
 30
 24
 51
 7
 84
 13
 88
 20
 38
 41
 100
 -87
 97
 58
 18
 -93
 28
 60
 -53
 80
 72
 18
 -30
 73
 56
 -62
 39
 71
 18
 23
 77
 91
 34
 35
 7
 72
 50
 85
 22
 30
 25
 23
 13
 -74
 -78
 36
 -42
 73
 36
 -63
 -22
 87
 0
 -80
 10
 43
 8
 33
 95
 -83
 4
 31
 99
 49
 19
 95
 85
 43
 53
 60
 68
 28
 68
 38
 32
 98
 82
 35
 60
 92
 -73
 23
 57
 -73
 -91
 70
 95
 65
 -67
 25
 51
 33
 41
 -63
 63
 36
 88
 78
 77
 23
 -48
 43
 -17
 96
 73
 18
 54
 -16
 -70
 16
 73
 84
 55
 -29
 -60
 -54
 10
 4
 -91
 29
 53
 83
 -19
 -92
 -3
 91
 82
 100
 68
 -86
 99
 -40
 -15
 -64
 94
 -38
 -76
 21
 2
 14
 31
 -65
 -7
 12
 21
 -95
 62
 70
 53
 24
 -31
 56
 12
 76
 35
 55
 93
 11
 -95
 14
 13
 43
 95
 -46
 63
 76
 39
 85
 -36
 27
 25
 99
 78
 91
 15
 63
 39
 57
 17
 86
 -38
 -98
 -75
 88
 19
 98
 59
 44
 31
 50
 67
 80
 0
 0
 29
 18
 21
 57
 26
 92
 37
 45
 97
 3
 46
 27
 73
 -48
 -99
 80
 5
 90
 8
 -13
 3
 91
 68
 69
 77
 -4
 70
 52
 86
 19
 35
 35
 98
 58
 46
 11
 48
 39
 90
 -5
 14
 -88
 100
 37
 -82
 -4
 14
 51
 31
 98
 -33
 89
 -25
 -59
 82
 32
 0
 7
 85
 90
 66
 83
 43
 47
 -13
 -94
 19
 69
 27
 33
 26
 66
 -1
 34
 25
 4
 68
 94
 27
 84
 24
 49
 5
 -66
 -73
 -10
 6
 60
 64
 49
 74
 -63
 46
 43
 78
 61
 21
 78
 46
 -83
 7
 3
 -6
 7
 7
 -51
 35
 38
 84
 1
 3
 16
 39
 8
 45
 10
 3
 -88
 14
 44
 30
 51
 64
 92
 -91
 0
 17
 28
 88
 86
 58
 31
 60
 5
 -16
 39
 4
 73
 67
 -75
 5
 39
 33
 13
 -55
 66
 -94
 -13
 0
 -59
 2
 -4
 -84
 58
 -3
 25
 -89
 80
 65
 25
 4
 21
 -11
 17
 78
 19
 63
 91
 92
 58
 83
 -73
 33
 45
 31
 61
 77
 37
 22
 92
 71
 -17
 92
 87
 -35
 -41
 68
 -35
 54
 28
 -49
 52
 89
 11
 88
 73
 -84
 50
 -82
 19
 93
 -90
 71
 19
 95
 81
 39
 -73
 33
 60
 22
 87
 48
 80
 -29
 58
 21
 98
 57
 20
 25
 20
 22
 34
 82
 8
 93
 48
 22
 29
 32
 8
 54
 76
 43
 23
 -42
 30
 21
 -88
 -81
 -100
 14
 -64
 90
 90
 88
 -15
 2
 -47
 97
 1
 67
 -57
 62
 22
 52
 90
 57
 24
 63
 12
 98
 -64
 51
 50
 37
 -19
 -50
 -8
 70
 68
 98
 47
 -41
 14
 78
 14
 63
 77
 -64
 36
 35
 27
 67
 60
 -72
 93
 92
 57
 38
 4
 0
 78
 88
 17
 81
 72
 14
 -68
 20
 50
 99
 2
 89
 -16
 71
 56
 21
 -48
 78
 88
 18
 36
 49
 71
 40
 80
 80
 -45
 -16
 37
 -15
 18
 57
 33
 -37
 -26
 -68
 -24
 -64
 54
 81
 -16
 -49
 4
 83
 -46
 -99
 29
 -51
 7
 77
 15
 -100
 43
 -36
 28
 -25
 -91
 -39
 -5
 70
 -84
 97
 17
 76
 7
 -5
 73
 59
 14
 97
 89
 83
 -96
 -87
 -11
 36
 -2
 41
 0
 27
 35
 34
 57
 -69
 77
 23
 -22
 -87
 -91
 28
 25
 -18
 73
 12
 83
 -28
 -56
 -76
 64
 29
 -79
 50
 5
 0
 99
 2
 88
 27
 76
 43
 60
 -30
 0
 45
 30
 13
 85
 60
 1
 -13
 -5
 49
 80
 53
 7
 18
 17
 9
 60
 58
 30
 75
 73
 88
 66
 38
 61
 -10
 -20
 61
 79
 74
 26
 -69
 95
 32
 -80
 -43
 36
 20
 38
 18
 83
 30
 69
 93
 -14
 97
 -49
 39
 25
 87
 30
 -21
 82
 96
 -53
 20
 46
 -53
 23
 67
 -52
 -26
 38
 76
 37
 42
 75
 93
 -29
 4
 -30
 41
 -97
 24
 -19
 -79
 46
 52
 33
 63
 -80
 20
 45
 15
 13
 88
 -79
 100
 -40
 94
 34
 100
 61
 18
 64
 9
 69
 46
 -10
 25
 -84
 38
 99
 45
 47
 -10
 82
 78
 80
 17
 48
 51
 82
 44
 82
 32
 1
 0
 78
 52
 54
 24
 16
 39
 96
 95
 94
 51
 -60
 -41
 6
 -24
 45
 70
 -93
 20
 58
 91
 -31
 83
 -17
 48
 98
 99
 -9
 67
 73
 -68
 -4
 96
 9
 -79
 24
 -61
 -58
 -89
 69
 24
 45
 9
 1
 -50
 -6
 2
 -86
 76
 84
 -81
 79
 93
 69
 10
 87
 24
 10
 25
 70
 22
 -74
 47
 6
 -62
 -59
 7
 13
 43
 -73
 79
 22
 100
 58
 16
 12
 18
 80
 -96
 0
 -56
 -70
 -65
 83
 70
 19
 2
 40
 -53
 40
 78
 -92
 71
 -68
 18
 14
 -11
 -37
 88
 6
 36
 99
 65
 19
 -40
 99
 30
 35
 18
 -21
 63
 10
 34
 74
 -36
 70
 1
 35
 26
 54
 66
 66
 24
 32
 -60
 -95
 -37
 -28
 32
 -78
 -99
 -70
 -17
 -70
 -23
 84
 -37
 -5
 -28
 -89
 -59
 -67
 98
 -65
 -97
 -64
 -77
 -16
 -58
 -23
 -32
 -29
 -63
 -80
 -66
 51
 -2
 -73
 81
 -60
 64
 -57
 -9
 52
 10
 -9
 96
 -32